1.00
1.00
1.00
1.00
1.00
1.00
0.82
1.00
0.79
0.92
0.37
0.31
0.88
1.00
0.33
0.45
1.00
0.88
0.72
0.66
0.80
0.85
1.00
1.00
0.89
0.67
0.96
1.00
1.00
1.00
1.00
1.00
1.00
1.00
1.00
1.00
1.00
1.00
1.00
0.55
0.50
0.50
0.50
0.50
0.50
0.50
0.50
0.50
0.92
0.79
0.50
0.50
0.56
0.87
0.86
0.50
0.50
0.35
0.50
0.50
0.50
0.66
0.80
0.94
0.99
0.57
0.91
0.46
0.47
0.54
0.46
0.50
0.48
0.44
0.50
0.50
0.50
0.54
0.84
0.45
0.63
0.98
0.50
0.65
0.79
0.46
0.62
0.50
0.50
0.50
0.50
0.50
0.74
0.63
0.79
0.73
0.70
1.00
1.00
1.00
1.00
1.00
1.00
0.94
0.78
1.00
1.00
1.00
1.00
0.98
0.85
1.00
1.00
1.00
0.78
0.64
0.86
1.00
0.91
0.96
1.00
1.00
0.96
1.00
1.00
1.00
1.00
1.00
1.00
1.00
1.00
1.00
0.98
1.00
0.92
0.80
1.00
1.00
1.00
1.00
1.00
0.98
1.00
1.00
1.00
0.91
1.00
1.00
1.00
0.98
1.00
1.00
1.00
1.00
1.00
1.00
1.00
1.00
1.00
1.00
1.00
1.00
1.00
1.00
0.72
0.00
